00000000001000000010000000100000
10101111110000011111111111111100
10101111110001001111111111111000
10101111110001011111111111110100
10101111110001101111111111110000
10101111110001111111111111101100
10101111110010001111111111101000
10101111110010011111111111100100
10101111110010101111111111100000
10101111110010111111111111011100
10101111110011001111111111011000
10101111110011011111111111010100
10101111110011101111111111010000
10101111110011111111111111001100
10101111110111111111111111001000
00000000000000001111100000010100
00000000000000000000000000111000
00000011110111111111000000100010
00000000000000000010100000010100
11111111111111111111111111111111
00000000000000000011000000010100
00000000000000000000000000000100
00000000000000000011100000010100
00000000000000000000000000001000
00000000000000000100000000010100
00000000000000000000000000000001
10001100100010010000000000000100
10001100100010100000000000001000
00000000000000000101100000100000
00000000000000000110000000100000
00000000000000000110100000010100
00000000000000000000000000000100
00010101001001010000000000000001
00010000000000000000000000000101
00000001001001100000000000011000
00000000000000000010000000010010
00000000001001000010000000100000
00000001101000000000000000001001
00000000011000000101100000100000
00010101010001010000000000000001
00010000000000000000000000000101
00000001010001100000000000011000
00000000000000000010000000010010
00000000001001000010000000100000
00000001101000000000000000001001
00000000011000000110000000100000
00000001000000000001100000100000
00000000000000000111000000010100
11111111111111111111111111111110
00000001001010100111100000100000
00010001111011100000000000000111
00000001011011000111000000101010
00010001110010000000000000000011
00000001011000000001100000100000
00000000011010000001100000100000
00010000000000000000000000000010
00000001100000000001100000100000
00000000011010000001100000100000
00000000000000001111100000010100
00000000000000000000000000111000
00000011110111111111000000100000
10001111110000011111111111111100
10001111110001001111111111111000
10001111110001011111111111110100
10001111110001101111111111110000
10001111110001111111111111101100
10001111110010001111111111101000
10001111110010011111111111100100
10001111110010101111111111100000
10001111110010111111111111011100
10001111110011001111111111011000
10001111110011011111111111010100
10001111110011101111111111010000
10001111110011111111111111001100
10001111110111111111111111001000
00000011111000000000000000001000
